2000	0.20600738 0.        
4000	0.14551012 0.        
6000	0.2809895 0.       
8000	0.28059688 0.        
10000	0.34916368 0.        
12000	0.36978436 0.        
14000	0.40511283 0.        
16000	0.46175548 0.        
18000	0.42000705 0.        
20000	0.41279408 0.        
22000	0.5049953 0.       
24000	0.4895408 0.       
26000	0.529041 0.      
28000	0.51609033 0.        
30000	0.5124013 0.       
32000	0.57050776 0.        
34000	0.55188036 0.        
36000	0.5941307 0.       
38000	0.58589125 0.        
40000	0.56301045 0.        
42000	0.59655046 0.        
44000	0.5570506 0.       
46000	0.587246 0.      
48000	0.58811903 0.        
50000	0.5920511 0.       
52000	0.60160214 0.        
54000	0.63021964 0.        
56000	0.6210512 0.       
58000	0.64320916 0.        
60000	0.62730247 0.        
62000	0.6703422 0.       
64000	0.6346575 0.       
66000	0.6521294 0.       
68000	0.6478509 0.       
70000	0.64176273 0.        
72000	0.5999644 0.       
74000	0.6626731 0.       
76000	0.6803596 0.       
78000	0.6742151 0.       
80000	0.67359424 0.        
82000	0.66789234 0.        
84000	0.68607026 0.        
86000	0.66785926 0.        
88000	0.6822956 0.       
90000	0.6595311 0.       
92000	0.6503439 0.       
94000	0.6411585 0.       
96000	0.69993335 0.        
98000	0.7092731 0.       
100000	0.7019075 0.       
102000	0.7152668 0.       
104000	0.70609516 0.        
106000	0.6847145 0.       
108000	0.6879043 0.       
110000	0.66588396 0.        
112000	0.76264924 0.        
114000	0.7344156 0.       
116000	0.6994498 0.       
118000	0.71403605 0.        
120000	0.76643014 0.        
122000	0.70967835 0.        
124000	0.73915946 0.        
126000	0.7289721 0.       
128000	0.69200975 0.        
130000	0.71973133 0.        
132000	0.7341206 0.       
134000	0.73442626 0.        
136000	0.7004193 0.       
138000	0.7573415 0.       
140000	0.6969221 0.       
142000	0.7406424 0.       
144000	0.72924566 0.        
146000	0.70600235 0.        
148000	0.7792764 0.       
150000	0.73219097 0.        
152000	0.7301194 0.       
154000	0.76515025 0.        
156000	0.71653837 0.        
158000	0.79168636 0.        
160000	0.71891004 0.        
162000	0.7707284 0.       
164000	0.7064936 0.       
166000	0.773578 0.      
168000	0.7305825 0.       
170000	0.69433707 0.        
172000	0.77107996 0.        
174000	0.74560755 0.        
176000	0.74646086 0.        
178000	0.75213844 0.        
180000	0.7445148 0.       
182000	0.74759007 0.        
184000	0.74825597 0.        
186000	0.74565446 0.        
188000	0.78755355 0.        
190000	0.7657802 0.       
192000	0.78859824 0.        
194000	0.8000673 0.       
196000	0.72691005 0.        
198000	0.75877625 0.        
200000	0.7778514 0.       
202000	0.7581556 0.       
204000	0.7457683 0.       
206000	0.72716916 0.        
208000	0.74814445 0.        
210000	0.7919035 0.       
212000	0.713757 0.      
214000	0.73672104 0.        
216000	0.7525125 0.       
218000	0.78652847 0.        
220000	0.75014895 0.        
222000	0.7481721 0.       
224000	0.714647 0.      
226000	0.73807 0.     
228000	0.76566595 0.        
230000	0.69273454 0.        
232000	0.7946986 0.       
234000	0.7785957 0.       
236000	0.7489815 0.       
238000	0.7686745 0.       
240000	0.82348275 0.        
242000	0.73961335 0.        
244000	0.7801468 0.       
246000	0.7521339 0.       
248000	0.7530669 0.       
250000	0.7573641 0.       
