1000	0. 0. 0. 0. 0. 0.
2000	  1.473549   -21.319336     2.6656532    2.7669258    0.88044167   0.58239305
3000	  1.6351892 -50.84679     3.4986117   3.5401902   1.0142505   0.6657874
4000	  1.7631505 -84.19305     3.900561    3.6622183   1.0409884   0.6775597
5000	   1.8338866 -117.65261      4.0495       3.312855     1.0474602    0.6796995
6000	   1.895581  -149.00435      4.0058675    2.7382967    1.0471826    0.6794757
7000	   1.8792366 -177.41414      3.84301      2.1604562    1.0440936    0.6778349
8000	   1.8242512 -202.83458      3.6156693    1.6819305    1.0383694    0.6758012
9000	   1.7212508 -225.50836      3.368497     1.3178936    1.03153      0.6707225
10000	   1.6935586 -245.82304      3.1261694    1.0485414    1.0240754    0.6651163
11000	   1.6007978  -264.18433       2.9001818     0.8506657     1.0148818     0.65488297
12000	   1.5463375 -280.84085      2.6957333    0.7040095    1.0065012    0.6417352
13000	   1.4744589  -296.07034       2.5145876     0.59312993    0.998179      0.6294846 
14000	   1.4508733  -310.0527        2.352696      0.5070891     0.9880965     0.61380106
15000	   1.4058648  -323.03986       2.2108884     0.43946967    0.9794431     0.6005486 
16000	   1.3704768  -335.08878       2.0859487     0.38467845    0.9683713     0.58779603
17000	 1.3079224e+00 -3.4637033e+02  1.9738086e+00  3.3963624e-01  9.5973527e-01  5.7602137e-01
18000	 1.2618886e+00 -3.5697647e+02  1.8728720e+00  3.0233452e-01  9.5054352e-01  5.6395119e-01
19000	 1.2138399e+00 -3.6696289e+02  1.7833935e+00  2.7079791e-01  9.4081318e-01  5.5156094e-01
20000	 1.2148693e+00 -3.7643228e+02  1.7076907e+00  2.4389265e-01  9.2952436e-01  5.4614854e-01
21000	 1.1995133e+00 -3.8546188e+02  1.6385939e+00  2.2066170e-01  9.2094010e-01  5.3418386e-01
22000	 1.1325295e+00 -3.9403244e+02  1.5753220e+00  2.0082639e-01  9.1155010e-01  5.1904666e-01
23000	 1.1308485e+00 -4.0225699e+02  1.5199213e+00  1.8374170e-01  9.0178609e-01  5.0596315e-01
24000	 1.1153708e+00 -4.1013998e+02  1.4685786e+00  1.6879126e-01  8.9307731e-01  5.0038260e-01
25000	 1.1363530e+00 -4.1773672e+02  1.4248759e+00  1.5552607e-01  8.8260955e-01  4.8188046e-01
26000	 1.0890318e+00 -4.2505780e+02  1.3842974e+00  1.4405924e-01  8.7201601e-01  4.6551946e-01
27000	 1.0718552e+00 -4.3213663e+02  1.3486252e+00  1.3393061e-01  8.6306858e-01  4.4655791e-01
28000	 1.0519209e+00 -4.3894598e+02  1.3134303e+00  1.2478994e-01  8.5830981e-01  4.3905303e-01
29000	 1.0764033e+00 -4.4556036e+02  1.2775509e+00  1.1671373e-01  8.4826863e-01  4.0754998e-01
30000	 1.07462275e+00 -4.51972290e+02  1.24697137e+00  1.09590866e-01  8.40648532e-01  3.93749267e-01
31000	 1.0537903e+00 -4.5819073e+02  1.2184808e+00  1.0310444e-01  8.2956600e-01  3.7421703e-01
32000	 1.0604702e+00 -4.6424902e+02  1.1938421e+00  9.7331405e-02  8.2099545e-01  3.5719573e-01
33000	 1.0180662e+00 -4.7015820e+02  1.1690509e+00  9.2049465e-02  8.1530446e-01  3.3682451e-01
34000	 9.8604071e-01 -4.7594214e+02  1.1449856e+00  8.7326705e-02  8.0422026e-01  2.9240999e-01
35000	 1.0310745e+00 -4.8156070e+02  1.1247370e+00  8.3186552e-02  7.9796481e-01  2.7764320e-01
36000	 1.0629058e+00 -4.8707370e+02  1.1027436e+00  7.9273477e-02  7.9027408e-01  2.6492971e-01
37000	 1.0472975e+00 -4.9245798e+02  1.0842435e+00  7.5756662e-02  7.8104413e-01  2.1197633e-01
38000	 1.0179520e+00 -4.9769482e+02  1.0651819e+00  7.2458312e-02  7.7328253e-01  2.3157576e-01
39000	 1.0774388e+00 -5.0279788e+02  1.0458685e+00  6.9332778e-02  7.6779956e-01  2.1594326e-01
40000	 1.0646644e+00 -5.0777466e+02  1.0281749e+00  6.6363357e-02  7.5991410e-01  2.0068865e-01
41000	 1.0291888e+00 -5.1265894e+02  1.0109686e+00  6.3753873e-02  7.5395137e-01  1.3743564e-01
42000	 1.0379529e+00 -5.1742780e+02  9.9428165e-01  6.1345480e-02  7.4292868e-01  1.1647108e-01
43000	 1.0480790e+00 -5.2209711e+02  9.8024660e-01  5.9171882e-02  7.3564464e-01  7.6119147e-02
44000	 1.0770037e+00 -5.2668695e+02  9.6515709e-01  5.7130937e-02  7.3271519e-01  3.9769981e-02
45000	 1.0522981e+00 -5.3117407e+02  9.4943905e-01  5.5214815e-02  7.2354728e-01  4.1293062e-02
46000	 1.0610904e+00 -5.3554523e+02  9.3667459e-01  5.3396244e-02  7.1612746e-01 -9.5834123e-04
47000	 1.0597725e+00 -5.3982404e+02  9.2290181e-01  5.1782731e-02  7.0943326e-01 -1.8582735e-02
48000	 1.0400656e+00 -5.4404089e+02  9.1115463e-01  5.0169785e-02  7.0194083e-01 -2.5308177e-02
49000	 1.0336170e+00 -5.4822089e+02  8.9907753e-01  4.8679087e-02  6.9403875e-01 -6.9794483e-02
50000	 1.0400226e+00 -5.5231793e+02  8.8749182e-01  4.7414113e-02  6.8848574e-01 -1.5141518e-01
51000	 1.0421605e+00 -5.5632550e+02  8.7558150e-01  4.6203863e-02  6.8312746e-01 -1.5281096e-01
52000	 1.0567231e+00 -5.6022528e+02  8.6255449e-01  4.4951085e-02  6.7654169e-01 -1.0158322e-01
53000	 1.0188731e+00 -5.6402826e+02  8.4985679e-01  4.3787502e-02  6.7447692e-01 -2.0077562e-01
54000	 1.0194038e+00 -5.6774146e+02  8.3743793e-01  4.2655561e-02  6.6410792e-01 -1.5280065e-01
55000	 1.0347021e+00 -5.7137616e+02  8.2601225e-01  4.1519068e-02  6.5887463e-01 -1.3207038e-01
56000	 1.0674195e+00 -5.7492877e+02  8.1583971e-01  4.0411808e-02  6.5028161e-01 -1.1200567e-01
57000	 1.0344487e+00 -5.7850299e+02  8.0751139e-01  3.9391275e-02  6.4181864e-01 -2.9015848e-01
58000	 1.0807468e+00 -5.8199091e+02  7.9986680e-01  3.8676720e-02  6.3160384e-01 -5.1002294e-01
59000	 1.0485684e+00 -5.8547284e+02  7.9443157e-01  3.8178090e-02  6.2464380e-01 -5.6700790e-01
60000	 1.0806572e+00 -5.8891028e+02  7.8752100e-01  3.7742913e-02  6.2342370e-01 -6.0795480e-01
61000	 1.0615376e+00 -5.9227576e+02  7.7844393e-01  3.7311535e-02  6.2149858e-01 -5.8767241e-01
62000	 1.0987680e+00 -5.9558307e+02  7.6914883e-01  3.6848865e-02  6.1149275e-01 -6.2442231e-01
63000	 1.0841532e+00 -5.9880890e+02  7.6124382e-01  3.6444195e-02  6.0684502e-01 -6.5578347e-01
64000	 1.1062278e+00 -6.0199237e+02  7.5286382e-01  3.6012378e-02  6.0059559e-01 -6.6124600e-01
65000	 1.0580941e+00 -6.0514746e+02  7.4427527e-01  3.5593200e-02  5.9609866e-01 -7.0742273e-01
66000	 1.1445366e+00 -6.0821765e+02  7.3747277e-01  3.5256498e-02  5.8709872e-01 -7.4061859e-01
67000	 1.1408517e+00 -6.1126746e+02  7.3169732e-01  3.4865875e-02  5.8134031e-01 -7.2048539e-01
68000	 1.1407615e+00 -6.1420367e+02  7.2605574e-01  3.4434497e-02  5.7471132e-01 -6.7708880e-01
69000	 1.1434119e+00 -6.1716278e+02  7.1844184e-01  3.4012422e-02  5.7332069e-01 -7.0868194e-01
70000	 1.1414355e+00 -6.2007367e+02  7.1141636e-01  3.3544328e-02  5.6858617e-01 -6.7748451e-01
71000	 1.1403247e+00 -6.2291431e+02  7.0364189e-01  3.3069380e-02  5.6303442e-01 -7.0721114e-01
72000	 1.1944902e+00 -6.2572150e+02  6.9681042e-01  3.2615799e-02  5.5662215e-01 -7.5131208e-01
73000	 1.1413370e+00 -6.2846869e+02  6.9020259e-01  3.2171410e-02  5.4790491e-01 -7.5462055e-01
74000	 1.1638288e+00 -6.3124805e+02  6.8480802e-01  3.1809617e-02  5.4643345e-01 -8.2021332e-01
75000	 1.1496185e+00 -6.3390210e+02  6.7800212e-01  3.1412963e-02  5.3877592e-01 -7.7277887e-01
76000	 1.1783159e+00 -6.3651001e+02  6.7228705e-01  3.0978464e-02  5.3390378e-01 -7.8548127e-01
77000	 1.1906226e+00 -6.3909656e+02  6.6646183e-01  3.0586442e-02  5.2924675e-01 -8.2361835e-01
78000	 1.2213627e+00 -6.4165210e+02  6.6134554e-01  3.0215768e-02  5.2316624e-01 -8.1657475e-01
79000	 1.1745040e+00 -6.4419025e+02  6.5642613e-01  2.9788723e-02  5.1569456e-01 -7.4103922e-01
80000	 1.2651242e+00 -6.4665820e+02  6.5058804e-01  2.9247507e-02  5.1627737e-01 -6.8111402e-01
81000	 1.1705302e+00 -6.4912427e+02  6.4538389e-01  2.8825630e-02  5.0641328e-01 -8.4364986e-01
82000	 1.2101541e+00 -6.5153662e+02  6.4043587e-01  2.8464397e-02  5.0289285e-01 -8.8483596e-01
83000	 1.1956799e+00 -6.5388617e+02  6.3564134e-01  2.8078565e-02  4.9946633e-01 -8.2692587e-01
84000	 1.2373036e+00 -6.5623340e+02  6.3094175e-01  2.7686985e-02  4.9307454e-01 -9.0378249e-01
85000	 1.2320994e+00 -6.5856995e+02  6.2803775e-01  2.7347829e-02  4.8636746e-01 -8.9256400e-01
86000	 1.2276530e+00 -6.6087860e+02  6.2445116e-01  2.7013224e-02  4.8296076e-01 -9.2074311e-01
87000	 1.2076635e+00 -6.6316119e+02  6.1960691e-01  2.6670303e-02  4.8114142e-01 -9.0437210e-01
88000	 1.2738914e+00 -6.6530670e+02  6.1454159e-01  2.6247598e-02  4.7869283e-01 -7.3632282e-01
89000	 1.2934653e+00 -6.6753296e+02  6.0965776e-01  2.5834110e-02  4.7271663e-01 -8.5693312e-01
90000	 1.3020985e+00 -6.6973566e+02  6.0466510e-01  2.5490608e-02  4.6998963e-01 -9.9369419e-01
91000	 1.2843125e+00 -6.7186835e+02  5.9901047e-01  2.5205653e-02  4.6244684e-01 -1.0695777e+00
92000	 1.2800467e+00 -6.7400861e+02  5.9469259e-01  2.4953356e-02  4.5832318e-01 -1.0522358e+00
93000	 1.2723911e+00 -6.7613184e+02  5.9037101e-01  2.4663810e-02  4.5230690e-01 -9.9151105e-01
94000	 1.3247879e+00 -6.7820831e+02  5.8728683e-01  2.4372883e-02  4.4822419e-01 -1.0357475e+00
95000	 1.3256260e+00 -6.8021051e+02  5.8306378e-01  2.4087094e-02  4.4637901e-01 -1.0244702e+00
96000	 1.3319187e+00 -6.8220135e+02  5.7836866e-01  2.3783885e-02  4.4434321e-01 -9.7539419e-01
97000	 1.3453161e+00 -6.8413574e+02  5.7296669e-01  2.3470428e-02  4.3932331e-01 -1.0036392e+00
98000	 1.3829508e+00 -6.8610339e+02  5.6838542e-01  2.3165306e-02  4.3260422e-01 -9.9899709e-01
99000	 1.3718072e+00 -6.8804968e+02  5.6537110e-01  2.2888007e-02  4.2799726e-01 -1.0598094e+00
100000	 1.3801482e+00 -6.8995721e+02  5.6142128e-01  2.2613397e-02  4.2461187e-01 -1.0429646e+00
101000	 1.3726857e+00 -6.9183234e+02  5.5733985e-01  2.2350175e-02  4.2765489e-01 -1.0958194e+00
102000	 1.3899686e+00 -6.9369507e+02  5.5270606e-01  2.2106290e-02  4.1368181e-01 -1.1350712e+00
103000	 1.4213736e+00 -6.9553027e+02  5.4941314e-01  2.1855703e-02  4.1371319e-01 -1.1141018e+00
104000	 1.4097700e+00 -6.9733160e+02  5.4533875e-01  2.1623643e-02  4.1104230e-01 -1.1944942e+00
105000	 1.4097695e+00 -6.9909509e+02  5.4066890e-01  2.1402447e-02  4.0690413e-01 -1.1713206e+00
106000	 1.4105343e+00 -7.0083337e+02  5.3715640e-01  2.1172537e-02  4.0119937e-01 -1.1528172e+00
107000	 1.4587928e+00 -7.0257745e+02  5.3420508e-01  2.0950880e-02  3.9381763e-01 -1.2152352e+00
108000	 1.4121144e+00 -7.0428754e+02  5.3107566e-01  2.0740194e-02  3.9598203e-01 -1.2302755e+00
109000	 1.4458379e+00 -7.0596191e+02  5.2736145e-01  2.0544069e-02  3.9166915e-01 -1.2329063e+00
110000	 1.4241610e+00 -7.0763184e+02  5.2441299e-01  2.0330325e-02  3.8848588e-01 -1.1985713e+00
111000	 1.5004418e+00 -7.0930530e+02  5.2017593e-01  2.0120580e-02  3.8444382e-01 -1.2239116e+00
112000	 1.5055002e+00 -7.1091364e+02  5.1755995e-01  1.9894782e-02  3.7353677e-01 -1.2033230e+00
113000	 1.5163752e+00 -7.1250171e+02  5.1475817e-01  1.9686885e-02  3.7778929e-01 -1.2180448e+00
114000	 1.5407947e+00 -7.1411389e+02  5.1121980e-01  1.9486008e-02  3.7330791e-01 -1.2608719e+00
115000	 1.5165094e+00 -7.1571210e+02  5.0771648e-01  1.9289371e-02  3.6878139e-01 -1.2834029e+00
116000	 1.5516523e+00 -7.1723969e+02  5.0413883e-01  1.9112371e-02  3.6738524e-01 -1.3275955e+00
117000	 1.5645918e+00 -7.1872327e+02  5.0101250e-01  1.8926967e-02  3.5807160e-01 -1.2654086e+00
118000	 1.6352363e+00 -7.2026617e+02  4.9922696e-01  1.8724298e-02  3.5171536e-01 -1.2829231e+00
119000	 1.5556340e+00 -7.2179187e+02  4.9629200e-01  1.8539114e-02  3.5769191e-01 -1.3192415e+00
120000	 1.5403666e+00 -7.2328644e+02  4.9245554e-01  1.8363770e-02  3.5437155e-01 -1.3424610e+00
121000	 1.5873649e+00 -7.2471918e+02  4.8817307e-01  1.8182904e-02  3.5879126e-01 -1.2804121e+00
122000	 1.5962597e+00 -7.2614960e+02  4.8364618e-01  1.7994240e-02  3.4694737e-01 -1.3420722e+00
123000	 1.6377580e+00 -7.2754932e+02  4.8116943e-01  1.7818075e-02  3.3504921e-01 -1.3274537e+00
124000	 1.6016232e+00 -7.2896210e+02  4.7969487e-01  1.7642144e-02  3.3378056e-01 -1.3319914e+00
125000	 1.6324430e+00 -7.3033685e+02  4.7727129e-01  1.7476955e-02  3.3542550e-01 -1.3898180e+00
126000	 1.6657137e+00 -7.3168585e+02  4.7451615e-01  1.7307665e-02  3.3017105e-01 -1.3112711e+00
127000	 1.5943398e+00 -7.3306708e+02  4.7296950e-01  1.7128143e-02  3.2317969e-01 -1.3576182e+00
128000	 1.6106091e+00 -7.3438953e+02  4.7144172e-01  1.6954605e-02  3.2242972e-01 -1.3199830e+00
129000	 1.6148821e+00 -7.3571149e+02  4.6927541e-01  1.6774341e-02  3.1759650e-01 -1.2972463e+00
130000	 1.6878057e+00 -7.3699329e+02  4.6749651e-01  1.6593680e-02  3.1743395e-01 -1.2726147e+00
131000	 1.6244601e+00 -7.3831097e+02  4.6501735e-01  1.6398070e-02  3.1813315e-01 -1.2622371e+00
132000	 1.6651251e+00 -7.3952271e+02  4.6183673e-01  1.6204501e-02  3.1673378e-01 -1.2660650e+00
133000	 1.6677829e+00 -7.4072357e+02  4.5925066e-01  1.6027838e-02  3.0808330e-01 -1.3458313e+00
134000	 1.6734289e+00 -7.4193622e+02  4.5669213e-01  1.5865725e-02  3.1373489e-01 -1.3716097e+00
135000	 1.7787263e+00 -7.4316284e+02  4.5391062e-01  1.5709391e-02  3.0573052e-01 -1.4033604e+00
136000	 1.7260956e+00 -7.4439648e+02  4.5122588e-01  1.5563414e-02  3.0420467e-01 -1.4245191e+00
137000	 1.68926489e+00 -7.45579895e+02  4.47533280e-01  1.54113555e-02  3.09128642e-01 -1.36821771e+00
138000	 1.6796758e+00 -7.4670380e+02  4.4347635e-01  1.5247296e-02  3.0241171e-01 -1.3574561e+00
139000	 1.6948167e+00 -7.4786676e+02  4.3992442e-01  1.5091744e-02  2.9836333e-01 -1.3612796e+00
140000	 1.6965736e+00 -7.4902734e+02  4.3699148e-01  1.4936513e-02  2.9237434e-01 -1.4125494e+00
141000	 1.7393183e+00 -7.5008276e+02  4.3438748e-01  1.4795956e-02  2.9082265e-01 -1.4437277e+00
142000	 1.6952314e+00 -7.5120221e+02  4.3166777e-01  1.4648309e-02  2.9072756e-01 -1.3645360e+00
143000	 1.70866716e+00 -7.52290222e+02  4.28565204e-01  1.44920545e-02  2.85959989e-01 -1.34114134e+00
144000	 1.73414075e+00 -7.53355957e+02  4.25545990e-01  1.43353185e-02  2.85477221e-01 -1.34924996e+00
145000	 1.7179945e+00 -7.5441882e+02  4.2268714e-01  1.4181071e-02  2.8479019e-01 -1.3997715e+00
146000	 1.7255603e+00 -7.5548920e+02  4.1956130e-01  1.4040389e-02  2.8250822e-01 -1.3997974e+00
147000	 1.6763914e+00 -7.5652911e+02  4.1629803e-01  1.3901158e-02  2.7831891e-01 -1.4356837e+00
148000	 1.6716543e+00 -7.5751910e+02  4.1343102e-01  1.3765543e-02  2.7578631e-01 -1.4566866e+00
149000	 1.7749549e+00 -7.5850677e+02  4.1081005e-01  1.3637881e-02  2.7527300e-01 -1.4339898e+00
150000	 1.6994333e+00 -7.5949835e+02  4.0774143e-01  1.3504680e-02  2.6833642e-01 -1.4508017e+00
151000	 1.6996150e+00 -7.6046002e+02  4.0496874e-01  1.3379711e-02  2.7173683e-01 -1.4164910e+00
152000	 1.7900894e+00 -7.6140924e+02  4.0207511e-01  1.3239721e-02  2.6466316e-01 -1.3460935e+00
153000	 1.7661356e+00 -7.6236761e+02  3.9992324e-01  1.3099992e-02  2.5814810e-01 -1.3370807e+00
154000	 1.7490256e+00 -7.6332489e+02  3.9784622e-01  1.2961379e-02  2.5884148e-01 -1.3747387e+00
155000	 1.7354087e+00 -7.6421973e+02  3.9537179e-01  1.2827308e-02  2.5774431e-01 -1.3536481e+00
156000	 1.7782385e+00 -7.6512061e+02  3.9326727e-01  1.2683394e-02  2.5241610e-01 -1.2880956e+00
157000	 1.7151487e+00 -7.6603387e+02  3.9138496e-01  1.2543025e-02  2.4876834e-01 -1.3413715e+00
158000	 1.7511846e+00 -7.6694092e+02  3.8955516e-01  1.2417661e-02  2.4930461e-01 -1.4317505e+00
159000	 1.8098202e+00 -7.6782996e+02  3.8697988e-01  1.2290736e-02  2.4558754e-01 -1.3502245e+00
160000	 1.8420738e+00 -7.6872504e+02  3.8560104e-01  1.2163759e-02  2.4152103e-01 -1.3863933e+00
161000	 1.79461956e+00 -7.69604675e+02  3.83450776e-01  1.20431995e-02  2.39403486e-01 -1.40896237e+00
162000	 1.80983520e+00 -7.70453430e+02  3.81630242e-01  1.19244065e-02  2.39846885e-01 -1.40888870e+00
163000	 1.7897638e+00 -7.7125360e+02  3.7965071e-01  1.1811824e-02  2.3964188e-01 -1.4711157e+00
164000	 1.8628478e+00 -7.7210486e+02  3.7704971e-01  1.1701712e-02  2.4278444e-01 -1.4183476e+00
165000	 1.7946906e+00 -7.7294434e+02  3.7409914e-01  1.1579198e-02  2.4198617e-01 -1.3923490e+00
166000	 1.8331614e+00 -7.7373450e+02  3.7123743e-01  1.1464173e-02  2.3564622e-01 -1.4095401e+00
167000	 1.8286750e+00 -7.7452521e+02  3.6879644e-01  1.1348266e-02  2.3278278e-01 -1.3571774e+00
168000	 1.8453863e+00 -7.7532416e+02  3.6650136e-01  1.1231191e-02  2.3237801e-01 -1.3736852e+00
169000	 1.8449105e+00 -7.7609619e+02  3.6429751e-01  1.1121494e-02  2.2789511e-01 -1.4028889e+00
170000	 1.7865269e+00 -7.7684741e+02  3.6185655e-01  1.1012384e-02  2.2905244e-01 -1.4365351e+00
171000	 1.8250817e+00 -7.7760425e+02  3.5946396e-01  1.0906296e-02  2.2661908e-01 -1.4008271e+00
172000	 1.8434073e+00 -7.7835999e+02  3.5646838e-01  1.0797452e-02  2.3082913e-01 -1.4166473e+00
173000	 1.8915763e+00 -7.7908649e+02  3.5346624e-01  1.0689670e-02  2.2298893e-01 -1.3605899e+00
174000	 1.8265445e+00 -7.7982025e+02  3.5081756e-01  1.0584888e-02  2.2171903e-01 -1.4235998e+00
175000	 1.83492470e+00 -7.80538696e+02  3.48688245e-01  1.04812775e-02  2.15072155e-01 -1.40484452e+00
176000	 1.8050963e+00 -7.8123236e+02  3.4659824e-01  1.0377728e-02  2.1718502e-01 -1.3680260e+00
177000	 1.8460445e+00 -7.8197900e+02  3.4454265e-01  1.0271751e-02  2.1266718e-01 -1.3367622e+00
178000	 1.7891829e+00 -7.8266742e+02  3.4266317e-01  1.0172851e-02  2.1105945e-01 -1.4403427e+00
179000	 1.8455216e+00 -7.8330823e+02  3.4046516e-01  1.0074334e-02  2.1707001e-01 -1.3395824e+00
180000	 1.7744725e+00 -7.8398419e+02  3.3748311e-01  9.9730603e-03  2.1773131e-01 -1.4182513e+00
181000	 1.8037388e+00 -7.8466241e+02  3.3495808e-01  9.8780980e-03  2.0699380e-01 -1.4585875e+00
182000	 1.8766032e+00 -7.8532288e+02  3.3276340e-01  9.7897593e-03  2.0686480e-01 -1.4405257e+00
183000	 1.8573562e+00 -7.8597888e+02  3.3071786e-01  9.6899113e-03  2.0063864e-01 -1.3067887e+00
184000	 1.8140393e+00 -7.8666602e+02  3.2909966e-01  9.5925434e-03  1.9925702e-01 -1.3900018e+00
185000	 1.9296741e+00 -7.8731396e+02  3.2724032e-01  9.5020253e-03  1.9921361e-01 -1.4138582e+00
186000	 1.9009511e+00 -7.8793079e+02  3.2538700e-01  9.4085215e-03  1.9815893e-01 -1.3135217e+00
187000	 1.8249793e+00 -7.8858124e+02  3.2347685e-01  9.3141468e-03  1.9541349e-01 -1.2852209e+00
188000	 1.8847121e+00 -7.8923676e+02  3.2172069e-01  9.2141880e-03  1.9311981e-01 -1.1911924e+00
189000	 1.9119084e+00 -7.8983319e+02  3.1983638e-01  9.1113802e-03  1.9262761e-01 -1.2186116e+00
190000	 1.8301077e+00 -7.9045886e+02  3.1804153e-01  9.0197725e-03  1.9198562e-01 -1.3943518e+00
191000	 1.8754634e+00 -7.9106274e+02  3.1621140e-01  8.9455731e-03  1.8437700e-01 -1.5883479e+00
192000	 1.9707804e+00 -7.9160895e+02  3.1540546e-01  8.8737197e-03  1.8073905e-01 -1.4438754e+00
193000	 1.9012018e+00 -7.9223340e+02  3.1396052e-01  8.7972656e-03  1.8636884e-01 -1.4774934e+00
194000	 1.8543692e+00 -7.9279810e+02  3.1204566e-01  8.7185241e-03  1.8968704e-01 -1.3516555e+00
195000	 1.8548657e+00 -7.9335046e+02  3.0998647e-01  8.6331535e-03  1.8582934e-01 -1.3046765e+00
196000	 2.0008314e+00 -7.9391302e+02  3.0794081e-01  8.5519506e-03  1.8363166e-01 -1.4823066e+00
197000	 1.8401105e+00 -7.9445996e+02  3.0618519e-01  8.4836483e-03  1.8043675e-01 -1.5719525e+00
198000	 1.8550681e+00 -7.9498077e+02  3.0457139e-01  8.4116179e-03  1.7916307e-01 -1.4055121e+00
199000	 1.8736626e+00 -7.9552777e+02  3.0291680e-01  8.3365235e-03  1.7469899e-01 -1.3552417e+00
200000	 1.8578519e+00 -7.9601709e+02  3.0112714e-01  8.2646413e-03  1.8121544e-01 -1.5324562e+00
201000	 1.8902079e+00 -7.9655426e+02  2.9916352e-01  8.1998976e-03  1.7471068e-01 -1.4354843e+00
202000	 1.9357352e+00 -7.9718555e+02  2.9780561e-01  8.1353076e-03  1.6923757e-01 -1.7322656e+00
203000	 1.8183054e+00 -7.9774146e+02  2.9610997e-01  8.0804480e-03  1.7622297e-01 -1.5930989e+00
204000	 1.8062623e+00 -7.9821936e+02  2.9406604e-01  8.0206022e-03  1.7545155e-01 -1.5902765e+00
205000	 1.9189285e+00 -7.9875269e+02  2.9215464e-01  7.9634599e-03  1.7420720e-01 -1.6757805e+00
206000	 1.8274314e+00 -7.9926117e+02  2.9007220e-01  7.9125231e-03  1.7577554e-01 -1.6821209e+00
207000	 1.8777725e+00 -7.9975287e+02  2.8791869e-01  7.8571960e-03  1.7440122e-01 -1.5726171e+00
208000	 1.9204292e+00 -8.0023065e+02  2.8581309e-01  7.7996189e-03  1.7188656e-01 -1.6827221e+00
209000	 2.0046062e+00 -8.0079871e+02  2.8383815e-01  7.7523501e-03  1.6768959e-01 -1.9170924e+00
210000	 1.9126183e+00 -8.0141028e+02  2.8213847e-01  7.7287545e-03  1.6496669e-01 -2.2263856e+00
211000	 1.8637161e+00 -8.0190979e+02  2.8025925e-01  7.7047166e-03  1.7128931e-01 -2.0762913e+00
212000	 1.8751984e+00 -8.0235822e+02  2.7764973e-01  7.6749003e-03  1.7558371e-01 -1.9952871e+00
213000	 1.8178096e+00 -8.0276886e+02  2.7505186e-01  7.6378253e-03  1.7393044e-01 -1.8669931e+00
214000	 1.9233418e+00 -8.0320654e+02  2.7261457e-01  7.5910026e-03  1.6519172e-01 -1.7681186e+00
215000	 1.8472184e+00 -8.0361450e+02  2.7075422e-01  7.5471238e-03  1.6340999e-01 -1.6527228e+00
216000	 1.8889568e+00 -8.0404688e+02  2.6879883e-01  7.4914354e-03  1.6447955e-01 -1.5331969e+00
217000	 1.9819413e+00 -8.0444446e+02  2.6687470e-01  7.4303229e-03  1.6033141e-01 -1.5027248e+00
218000	 1.9011687e+00 -8.0488654e+02  2.6485562e-01  7.3756622e-03  1.6340475e-01 -1.6654675e+00
219000	 1.8516978e+00 -8.0536768e+02  2.6264882e-01  7.3287166e-03  1.6598542e-01 -1.7653302e+00
220000	 1.9001442e+00 -8.0580670e+02  2.6025176e-01  7.2807735e-03  1.6705957e-01 -1.5974299e+00
221000	 1.9137446e+00 -8.0621002e+02  2.5809059e-01  7.2257286e-03  1.6099569e-01 -1.5416633e+00
222000	 1.9225188e+00 -8.0661285e+02  2.5599894e-01  7.1734008e-03  1.6323999e-01 -1.6004585e+00
223000	 1.8950876e+00 -8.0697101e+02  2.5364596e-01  7.1229208e-03  1.6015942e-01 -1.5197027e+00
224000	 1.8823042e+00 -8.0738153e+02  2.5172758e-01  7.0722415e-03  1.5584533e-01 -1.7392570e+00
225000	 1.9231609e+00 -8.0778040e+02  2.4987113e-01  7.0305048e-03  1.5770420e-01 -1.7550942e+00
226000	 1.9187609e+00 -8.0816431e+02  2.4775171e-01  6.9889212e-03  1.5760121e-01 -1.8199416e+00
227000	 1.9049575e+00 -8.0853815e+02  2.4577701e-01  6.9523235e-03  1.5262249e-01 -1.9089173e+00
228000	 1.8681989e+00 -8.0893402e+02  2.4381816e-01  6.9179633e-03  1.5797935e-01 -1.8675402e+00
229000	 1.8866632e+00 -8.0932666e+02  2.4159457e-01  6.8810573e-03  1.5721363e-01 -1.8373153e+00
230000	 1.8633633e+00 -8.0961163e+02  2.3960976e-01  6.8356395e-03  1.5480620e-01 -1.5004796e+00
231000	 1.8931996e+00 -8.0995978e+02  2.3745757e-01  6.7845061e-03  1.5230981e-01 -1.5188591e+00
232000	 1.9755824e+00 -8.1028015e+02  2.3542759e-01  6.7398646e-03  1.5473370e-01 -1.6928117e+00
233000	 1.8499708e+00 -8.1061591e+02  2.3347288e-01  6.7021800e-03  1.5333931e-01 -1.7955558e+00
234000	 1.8762404e+00 -8.1095715e+02  2.3139977e-01  6.6599329e-03  1.5232380e-01 -1.6193295e+00
235000	 2.0222576e+00 -8.1130695e+02  2.2940871e-01  6.6134566e-03  1.5040554e-01 -1.5280932e+00
236000	 1.9517717e+00 -8.1162744e+02  2.2737078e-01  6.5668779e-03  1.5304853e-01 -1.5817554e+00
237000	 1.8339318e+00 -8.1196405e+02  2.2529511e-01  6.5257419e-03  1.5252627e-01 -1.6823478e+00
238000	 1.8567094e+00 -8.1224738e+02  2.2328541e-01  6.4853663e-03  1.5079753e-01 -1.6545902e+00
239000	 1.8509673e+00 -8.1256409e+02  2.2128777e-01  6.4434875e-03  1.5190342e-01 -1.6097038e+00
240000	 1.9353269e+00 -8.1289014e+02  2.1930525e-01  6.4059501e-03  1.4791135e-01 -1.8631045e+00
241000	 1.9495581e+00 -8.1321033e+02  2.1744749e-01  6.3720564e-03  1.4767788e-01 -1.7693622e+00
242000	 1.8952718e+00 -8.1350879e+02  2.1556757e-01  6.3341926e-03  1.4762011e-01 -1.7060825e+00
243000	 1.9144155e+00 -8.1378918e+02  2.1371917e-01  6.2941173e-03  1.4611109e-01 -1.6336285e+00
244000	 1.9101239e+00 -8.1408990e+02  2.1198656e-01  6.2507992e-03  1.4172307e-01 -1.5999414e+00
245000	 1.9080888e+00 -8.1439056e+02  2.1035948e-01  6.2105218e-03  1.4213479e-01 -1.5683502e+00
246000	 1.9475367e+00 -8.1467352e+02  2.0868650e-01  6.1689885e-03  1.4050658e-01 -1.6905454e+00
247000	 1.9405328e+00 -8.1494708e+02  2.0698796e-01  6.1326525e-03  1.4265430e-01 -1.6550094e+00
248000	 2.0353274e+00 -8.1523090e+02  2.0528471e-01  6.0939905e-03  1.4276771e-01 -1.5923030e+00
249000	 1.9827420e+00 -8.1549841e+02  2.0355630e-01  6.0564918e-03  1.4233851e-01 -1.7278850e+00
250000	 1.9270676e+00 -8.1578772e+02  2.0178488e-01  6.0223490e-03  1.4556195e-01 -1.7892239e+00
