1000	 0.13632567 -0.74022496
2000	 0.16511606 -0.9042224 
3000	 0.12727337 -0.83331466
4000	 0.01060127 -0.84333074
5000	 0.10300777 -0.83180183
6000	 0.4789471 -0.9460566
7000	 0.642945  -0.8577522
8000	 0.7174522 -0.8686443
9000	 0.70341533 -0.83276725
10000	 0.7111134 -0.8090946
11000	 0.7738834 -0.8538078
12000	 0.7821142  -0.84843725
13000	 0.8095469 -0.8645198
14000	 0.83267444 -0.91061056
15000	 0.8779403  -0.92047703
16000	 0.84765863 -0.84323686
17000	 0.9217672  -0.89544356
18000	 0.9684569 -0.9298893
19000	 1.0066553 -0.9679574
20000	 1.0540465  -0.93070257
21000	 1.0619439  -0.96476346
22000	 1.0884862  -0.99405175
23000	 1.1209068  -0.98435944
24000	 1.0874984 -1.0174072
25000	 1.0436795  -0.99572885
26000	 1.1092927 -1.0291487
27000	 1.104103  -0.9374589
28000	 1.1118515  -0.97394216
29000	 1.1449047 -1.0007461
30000	 1.181273  -0.9971483
31000	 1.190129 -1.029252
32000	 1.2499999 -1.0358084
33000	 1.219066 -0.97422 
34000	 1.242198  -1.0103654
35000	 1.2143556 -0.9962644
36000	 1.2798831 -1.020224 
37000	 1.2700357 -1.0494243
38000	 1.2226605 -1.0395544
39000	 1.3011484 -1.0267185
40000	 1.2855514 -1.0654373
41000	 1.298878  -1.0798033
42000	 1.2442726 -1.0605361
43000	 1.2818949 -1.038058 
44000	 1.3114605 -1.0598228
45000	 1.2828866 -1.0611647
46000	 1.3810312 -1.0655283
47000	 1.3468419 -1.0683181
48000	 1.3369222 -1.0724138
49000	 1.3133395 -1.0724714
50000	 1.3694406 -1.1204623
51000	 1.3330427 -1.0688492
52000	 1.3551192 -1.092018 
53000	 1.3562849 -1.092376 
54000	 1.2957169 -1.0931135
55000	 1.3435854 -1.0982491
56000	 1.3541224 -1.0992091
57000	 1.4351658 -1.1267437
58000	 1.427621  -1.0994204
59000	 1.4003316 -1.085179 
60000	 1.3900694 -1.1031314
61000	 1.3799311 -1.1037097
62000	 1.3609358 -1.1025335
63000	 1.479123  -1.1168926
64000	 1.4874465 -1.1255865
65000	 1.4587946 -1.122559 
66000	 1.4167503 -1.1136442
67000	 1.420506  -1.1225032
68000	 1.4456282 -1.1223087
69000	 1.4763335 -1.1414437
70000	 1.422257  -1.1293533
71000	 1.4295459 -1.1131735
72000	 1.4674492 -1.1191736
73000	 1.460016  -1.1211104
74000	 1.5499446 -1.1691616
75000	 1.4711461 -1.1430234
76000	 1.4749151 -1.1549714
77000	 1.464268  -1.1430953
78000	 1.4816496 -1.1200396
79000	 1.5541687 -1.1380314
80000	 1.4849325 -1.1251225
81000	 1.4936999 -1.1522862
82000	 1.5286353 -1.1684734
83000	 1.5216936 -1.1335565
84000	 1.5274266 -1.1175089
85000	 1.5538306 -1.1741575
86000	 1.4825344 -1.1654819
87000	 1.5198272 -1.1698072
88000	 1.4796141 -1.1587625
89000	 1.5186888 -1.1703985
90000	 1.4585521 -1.1110564
91000	 1.5257635 -1.1519814
92000	 1.6244869 -1.206448 
93000	 1.523106  -1.1542633
94000	 1.552464  -1.1685026
95000	 1.5293976 -1.1528815
96000	 1.5638958 -1.1734987
97000	 1.6249496 -1.1910084
98000	 1.5608535 -1.1783595
99000	 1.5683341 -1.1783943
100000	 1.559448  -1.1546305
101000	 1.5850695 -1.1517771
102000	 1.5785555 -1.1589805
103000	 1.5361744 -1.1476825
104000	 1.5338312 -1.17584  
105000	 1.5776615 -1.1817709
106000	 1.5603945 -1.1864682
107000	 1.5773706 -1.1760128
108000	 1.6269693 -1.1841369
109000	 1.5756075 -1.199352 
110000	 1.5694286 -1.1890154
111000	 1.5967052 -1.2003189
112000	 1.6216307 -1.1771754
113000	 1.6236086 -1.1589801
114000	 1.6154399 -1.2019533
115000	 1.6001893 -1.1758033
116000	 1.6233715 -1.2017426
117000	 1.5867006 -1.2035252
118000	 1.5863144 -1.2089378
119000	 1.609768  -1.1887025
120000	 1.5827967 -1.1698394
121000	 1.5858318 -1.1907247
122000	 1.598305  -1.1871092
123000	 1.5540348 -1.210009 
124000	 1.6450256 -1.2031455
125000	 1.5650749 -1.182363 
126000	 1.5735058 -1.1980697
127000	 1.5705729 -1.176584 
128000	 1.5689456 -1.2024665
129000	 1.5998327 -1.2139655
130000	 1.5947256 -1.1981264
131000	 1.6156698 -1.2159888
132000	 1.5675178 -1.2109028
133000	 1.5957302 -1.1888745
134000	 1.5780113 -1.221783 
135000	 1.6081301 -1.1918948
136000	 1.6335967 -1.2110465
137000	 1.5390258 -1.1798776
138000	 1.6074775 -1.2022207
139000	 1.6614189 -1.215668 
140000	 1.5859191 -1.2058282
141000	 1.6496164 -1.2290332
142000	 1.5904841 -1.2142305
143000	 1.6042247 -1.2181072
144000	 1.6230202 -1.223932 
145000	 1.5842657 -1.2260501
146000	 1.5470803 -1.2004375
147000	 1.6011375 -1.2121059
148000	 1.6573719 -1.2211447
149000	 1.6099095 -1.2138411
150000	 1.5928025 -1.225778 
151000	 1.6075653 -1.214279 
152000	 1.6365316 -1.2233574
153000	 1.6434286 -1.218764 
154000	 1.6642615 -1.2139874
155000	 1.6669253 -1.2130799
156000	 1.6891903 -1.2281969
157000	 1.6882292 -1.2324216
158000	 1.5773759 -1.2337241
159000	 1.618189  -1.2414154
160000	 1.6344196 -1.230858 
161000	 1.6304644 -1.235177 
162000	 1.6481986 -1.2099482
163000	 1.6603532 -1.1975596
164000	 1.6603378 -1.2128431
165000	 1.629886  -1.2289354
166000	 1.5943683 -1.2136835
167000	 1.6094484 -1.2222956
168000	 1.6366308 -1.2321588
169000	 1.618669  -1.2211345
170000	 1.6496559 -1.2545108
171000	 1.6709334 -1.2252997
172000	 1.6249124 -1.2314794
173000	 1.5939326 -1.2327974
174000	 1.6730832 -1.2437259
175000	 1.6488403 -1.2358258
176000	 1.6495863 -1.2326543
177000	 1.6712512 -1.2462598
178000	 1.6905847 -1.2422813
179000	 1.6113071 -1.2270198
180000	 1.649618  -1.2390809
181000	 1.6085413 -1.2165751
182000	 1.6400882 -1.2103508
183000	 1.7128693 -1.241867 
184000	 1.6661413 -1.2368352
185000	 1.6484649 -1.2355391
186000	 1.6570442 -1.2429591
187000	 1.6681118 -1.2293648
188000	 1.6590124 -1.2407522
189000	 1.634894 -1.243245
190000	 1.701977  -1.2402295
191000	 1.6860787 -1.2490206
192000	 1.6236115 -1.2361676
193000	 1.6408945 -1.2491771
194000	 1.6467553 -1.2562852
195000	 1.6097206 -1.2636836
196000	 1.6250887 -1.2373182
197000	 1.6692278 -1.2256999
198000	 1.6422037 -1.2208556
199000	 1.6813679 -1.2579799
200000	 1.6233311 -1.2395802
201000	 1.7178142 -1.2472074
202000	 1.6758951 -1.2361116
203000	 1.6567533 -1.2184922
204000	 1.7131351 -1.2375494
205000	 1.6946572 -1.230473 
206000	 1.6147231 -1.2384901
207000	 1.6105356 -1.2307249
208000	 1.6660103 -1.2439632
209000	 1.707886  -1.2672472
210000	 1.6503221 -1.2722058
211000	 1.6421223 -1.2521288
212000	 1.6654123 -1.2535877
213000	 1.6460607 -1.2320901
214000	 1.6389004 -1.215017 
215000	 1.6090928 -1.2103701
216000	 1.7101241 -1.2473601
217000	 1.6240553 -1.2564343
218000	 1.6544445 -1.2255334
219000	 1.6550714 -1.2100196
220000	 1.6018947 -1.2290344
221000	 1.6806746 -1.2367556
222000	 1.6513466 -1.2396792
223000	 1.7069538 -1.2562517
224000	 1.6846304 -1.2809565
225000	 1.674501  -1.2652293
226000	 1.6844889 -1.2640734
227000	 1.6618274 -1.2659551
228000	 1.6735559 -1.2556968
229000	 1.6769499 -1.2272935
230000	 1.666521  -1.2560244
231000	 1.6394624 -1.2483157
232000	 1.6717834 -1.2484603
233000	 1.6720763 -1.2301694
234000	 1.7009443 -1.266556 
235000	 1.6561021 -1.2497557
236000	 1.6598161 -1.2596204
237000	 1.6548765 -1.2379621
238000	 1.6851641 -1.2623738
239000	 1.6357793 -1.2500103
240000	 1.6659913 -1.2317728
241000	 1.6671427 -1.259145 
242000	 1.6944058 -1.2541853
243000	 1.6775254 -1.2667216
244000	 1.6947894 -1.2625767
245000	 1.6705031 -1.2535024
246000	 1.6944789 -1.2599407
247000	 1.655245  -1.2540339
248000	 1.6623895 -1.2335523
249000	 1.6838974 -1.2669322
250000	 1.6960407 -1.2635002
